    M Teff    L  lg  R       D      Li         F33        F33B         F41        F45B         F47         F51         FHa         F57        F63B         F67         F75         F78         F82        F82B         F89       G_RSV           G        G_BP        G_RP
  0.0100  1395.   -4.15   4.11  10.15  0.9950  1.0000      28.220      28.220      26.396      24.642      24.130      24.194      19.857      23.840      20.312      19.381      19.068      18.701      17.018      17.134      15.860      16.253      18.698      23.213      17.062
  0.0150  2209.   -3.15   4.09  12.70  0.3920  1.0000      23.654      23.654      23.029      20.980      20.848      19.888      17.271      19.210      17.669      16.836      15.050      14.971      13.678      13.922      12.711      13.798      15.520      19.469      13.886
  0.0200  2411.   -2.92   4.14  13.90  0.0010  1.0000      20.796      20.796      20.342      18.934      18.768      18.039      16.169      17.870      16.484      15.661      13.538      13.669      12.519      12.760      11.714      12.610      14.426      18.088      12.836
  0.0300  2555.   -2.84   4.33  13.64  0.0000  1.0000      19.680      19.680      19.155      17.952      17.771      17.153      15.463      17.018      15.756      14.961      12.820      13.001      11.997      12.216      11.304      11.999      13.911      17.252      12.362
  0.0400  2681.   -2.68   4.38  14.94  0.0000  1.0000      18.256      18.256      17.611      16.645      16.490      15.894      14.442      15.786      14.749      14.021      11.982      12.134      11.298      11.498      10.724      11.238      13.195      16.041      11.700
  0.0500  2811.   -2.52   4.40  16.32  0.0000  1.0000      17.366      17.366      16.659      15.880      15.708      15.247      13.580      14.876      13.896      13.198      11.343      11.477      10.762      10.935      10.245      10.654      12.614      15.186      11.161
  0.0600  2883.   -2.41   4.41  17.63  0.0000  1.0000      16.730      16.730      15.992      15.191      15.042      14.507      13.108      14.280      13.440      12.791      10.987      11.082      10.415      10.590       9.950      10.304      12.254      14.579      10.831
  0.0700  2940.   -2.31   4.41  19.00  0.0000  1.0000      16.237      16.237      15.480      14.705      14.563      14.026      12.711      13.824      13.048      12.425      10.672      10.748      10.116      10.288       9.682      10.001      11.939      14.123      10.537
  0.0720  2950.   -2.29   4.41  19.26  0.0000  1.0000      16.152      16.152      15.393      14.625      14.484      13.950      12.640      13.746      12.977      12.358      10.615      10.689      10.063      10.234       9.632       9.946      11.882      14.045      10.484
  0.0750  2964.   -2.27   4.41  19.60  0.0000  1.0000      16.036      16.036      15.272      14.514      14.373      13.844      12.542      13.636      12.879      12.265      10.536      10.607       9.990      10.160       9.566       9.871      11.804      13.937      10.411
  0.0800  2986.   -2.22   4.41  20.32  0.0000  1.0000      15.830      15.830      15.059      14.321      14.181      13.661      12.371      13.449      12.708      12.102      10.395      10.461       9.858      10.025       9.443       9.736      11.664      13.750      10.280
  0.0900  3025.   -2.15   4.41  21.45  0.0000  1.0000      15.518      15.518      14.689      13.991      13.855      13.353      12.064      13.107      12.402      11.814      10.172      10.221       9.649       9.811       9.253       9.520      11.432      13.418      10.068
  0.1000  3059.   -2.10   4.42  22.40  0.0000  1.0000      15.260      15.260      14.355      13.699      13.568      13.082      11.785      12.793      12.123      11.554       9.982      10.013       9.473       9.630       9.095       9.337      11.231      13.118       9.888
  0.2000  3263.   -1.67   4.41  32.27  0.0000  0.8520      13.659      13.659      12.705      12.076      11.924      11.490      10.206      11.087      10.539      10.041       8.734       8.710       8.289       8.423       7.980       8.138       9.929      11.458       8.679
  0.3000  3392.   -1.42   4.40  39.62  0.0000  0.0061      12.806      12.806      11.868      11.200      11.022      10.614       9.339      10.154       9.663       9.201       8.040       7.991       7.630       7.752       7.354       7.478       9.193      10.553       7.999
  0.4000  3500.   -1.25   4.42  45.08  0.0000  0.0000      12.232      12.232      11.306      10.600      10.400      10.010       8.737       9.500       9.051       8.617       7.577       7.509       7.193       7.304       6.941       7.042       8.686       9.924       7.542
  0.5000  3609.   -1.11   4.43  49.81  0.0000  0.0000      11.732      11.732      10.813      10.062       9.839       9.471       8.200       8.911       8.503       8.097       7.180       7.093       6.823       6.923       6.593       6.674       8.237       9.359       7.147
  0.6000  3733.   -0.98   4.43  54.09  0.0000  0.0000      11.251      11.251      10.340       9.548       9.300       8.957       7.696       8.353       7.984       7.605       6.813       6.711       6.483       6.573       6.275       6.340       7.811       8.821       6.780
  0.7000  3894.   -0.85   4.44  58.17  0.0000  0.0004      10.716      10.716       9.821       8.989       8.718       8.404       7.160       7.760       7.429       7.082       6.435       6.322       6.138       6.215       5.953       6.003       7.355       8.245       6.398
  0.8000  4102.   -0.69   4.43  62.75  0.0000  0.0095      10.016      10.016       9.190       8.415       8.111       7.920       6.541       7.141       6.815       6.476       5.999       5.875       5.732       5.800       5.573       5.612       6.838       7.634       5.947
  0.9000  4406.   -0.50   4.42  67.75  0.0000  0.0894       8.909       8.909       8.261       7.552       7.260       7.082       5.811       6.367       6.077       5.771       5.466       5.357       5.250       5.303       5.118       5.145       6.184       6.827       5.407
  1.0000  4793.   -0.28   4.38  74.18  0.0000  0.3080       7.532       7.532       7.151       6.582       6.347       6.140       5.108       5.581       5.343       5.082       4.847       4.755       4.669       4.713       4.565       4.579       5.471       5.989       4.798
  1.1000  5302.    0.01   4.32  84.06  0.0000  0.5750       6.043       6.043       5.943       5.522       5.355       5.118       4.330       4.717       4.528       4.312       4.121       4.045       3.974       4.014       3.905       3.904       4.656       5.063       4.086
  1.2000  5911.    0.35   4.20 100.35  0.0000  0.7700       4.583       4.583       4.681       4.395       4.284       4.076       3.466       3.777       3.629       3.453       3.300       3.240       3.179       3.217       3.146       3.133       3.745       4.055       3.277
  1.3000  6330.    0.41   4.29  94.01  0.0000  0.8800       4.164       4.164       4.327       4.110       4.024       3.849       3.334       3.599       3.474       3.322       3.192       3.143       3.091       3.125       3.076       3.054       3.580       3.834       3.177
  1.4000  6475.    0.50   4.28  99.24  0.0000  0.9380       3.887       3.887       4.051       3.855       3.777       3.613       3.130       3.378       3.261       3.118       2.996       2.949       2.900       2.933       2.891       2.867       3.363       3.599       2.983